[gd_scene format=3 uid="uid://bgku14wjk3qvl"]

[ext_resource type="Texture2D" uid="uid://b58mqu601xbk1" path="res://models/world/Textures/floor_ground_dirt.png" id="1_2ft0s"]
[ext_resource type="PackedScene" uid="uid://dqr3k70ws2clj" path="res://objects/player/Player.tscn" id="1_7c752"]
[ext_resource type="Texture2D" uid="uid://ddghw5ah1n605" path="res://models/world/Textures/floor_ground_grass.png" id="2_rk4ww"]
[ext_resource type="PackedScene" uid="uid://dly0lqp2u2ux" path="res://objects/world/large_crypt.tscn" id="4_rk4ww"]
[ext_resource type="PackedScene" uid="uid://b1ehjlq2dnjqv" path="res://objects/world/small_crypt.tscn" id="5_2ft0s"]
[ext_resource type="PackedScene" uid="uid://cuwhejqr6vfgx" path="res://objects/world/iron-fence-curve.tscn" id="5_04s4b"]
[ext_resource type="PackedScene" uid="uid://bc0xr34wiivcw" path="res://objects/world/iron-fence.tscn" id="5_poik8"]
[ext_resource type="PackedScene" uid="uid://bso5qgy7hles2" path="res://models/world/gravestone-bevel.glb" id="7_igg6c"]
[ext_resource type="PackedScene" uid="uid://bedqg6x5xwqmv" path="res://models/world/gravestone-cross-large.glb" id="8_pxg8r"]
[ext_resource type="PackedScene" uid="uid://b7jor3ui1ny2p" path="res://objects/world/pine.tscn" id="8_wa6q5"]
[ext_resource type="PackedScene" uid="uid://cc5n845rl2xy6" path="res://objects/world/pine-crooked.tscn" id="9_poik8"]
[ext_resource type="PackedScene" uid="uid://fcopxpqwudtr" path="res://objects/spawners/zombie_grave.tscn" id="10_igg6c"]
[ext_resource type="PackedScene" uid="uid://bxgt801sp2cj2" path="res://objects/world/iron-fence-column.tscn" id="12_wa6q5"]
[ext_resource type="PackedScene" uid="uid://bcraoqrwksr3f" path="res://objects/npcs/grave_keeper.tscn" id="14_04s4b"]

[sub_resource type="StandardMaterial3D" id="StandardMaterial3D_igg6c"]
albedo_texture = ExtResource("1_2ft0s")
uv1_triplanar = true

[sub_resource type="PlaneMesh" id="PlaneMesh_pxg8r"]
material = SubResource("StandardMaterial3D_igg6c")
size = Vector2(25, 2)

[sub_resource type="Environment" id="Environment_7c752"]
background_mode = 1
background_color = Color(0, 0.64536244, 0.81581676, 1)
ambient_light_source = 2
ambient_light_color = Color(0.71164036, 0.5502923, 0.45248723, 1)
tonemap_mode = 2
fog_light_energy = 1.1
fog_density = 0.1
fog_depth_curve = 1.6245033
fog_depth_begin = 5.0
fog_depth_end = 50.0

[sub_resource type="StandardMaterial3D" id="StandardMaterial3D_2tv3u"]
albedo_texture = ExtResource("2_rk4ww")
uv1_triplanar = true

[node name="GraveyardLevel" type="Node3D" unique_id=1924571447]

[node name="Path" type="MeshInstance3D" parent="." unique_id=1064039573]
transform = Transform3D(1, 0, 0, 0, 1, 0, 0, 0, 1, 3.54502, 0.01, 0)
mesh = SubResource("PlaneMesh_pxg8r")

[node name="DirectionalLight3D" type="DirectionalLight3D" parent="." unique_id=1054058508]
transform = Transform3D(-0.8660254, -0.43301278, 0.25, 0, 0.49999997, 0.86602545, -0.50000006, 0.75, -0.43301266, 0, 5.811947, 0)
light_energy = 0.25
light_indirect_energy = 0.25
shadow_enabled = true

[node name="Player" parent="." unique_id=820153746 instance=ExtResource("1_7c752")]
transform = Transform3D(-4.371139e-08, 0, -1, 0, 1, 0, 1, 0, -4.371139e-08, -3.7771509, 0, 0)

[node name="WorldEnvironment" type="WorldEnvironment" parent="." unique_id=1773977596]
environment = SubResource("Environment_7c752")

[node name="Ground" type="CSGBox3D" parent="." unique_id=213862804]
transform = Transform3D(1, 0, 0, 0, 1, 0, 0, 0, 1, 6, -0.4945672, 0.41134644)
use_collision = true
size = Vector3(38, 1, 38)
material = SubResource("StandardMaterial3D_2tv3u")

[node name="Walls" type="Node3D" parent="." unique_id=1061939629]

[node name="IronFenceColumn" parent="Walls" unique_id=176482629 instance=ExtResource("12_wa6q5")]
transform = Transform3D(-6.556708e-08, 0, 1.5, 0, 1.5, 0, -1.5, 0, -6.556708e-08, 0, 0, 1)

[node name="IronFenceColumn2" parent="Walls" unique_id=34563253 instance=ExtResource("12_wa6q5")]
transform = Transform3D(-6.556708e-08, 0, -1.5, 0, 1.5, 0, 1.5, 0, -6.556708e-08, 0, 0, -1)

[node name="IronFenceCurve" parent="Walls" unique_id=209569291 instance=ExtResource("5_04s4b")]
transform = Transform3D(1.5, 0, 0, 0, 1.5, 0, 0, 0, 1.5, 0, 0, -4)

[node name="IronFenceCurve2" parent="Walls" unique_id=1295545372 instance=ExtResource("5_04s4b")]
transform = Transform3D(-6.556708e-08, 0, 1.5, 0, 1.5, 0, -1.5, 0, -6.556708e-08, 1.2423272, 0, 5.2)

[node name="IronFence" parent="Walls" unique_id=792074470 instance=ExtResource("5_poik8")]
transform = Transform3D(1.5, 0, 0, 0, 1.5, 0, 0, 0, 1.5, 1.2, 0, -5.2)

[node name="IronFence2" parent="Walls" unique_id=1923030626 instance=ExtResource("5_poik8")]
transform = Transform3D(1.5, 0, 0, 0, 1.5, 0, 0, 0, 1.5, 1.2, 0, 5.2000003)

[node name="Objects" type="Node3D" parent="." unique_id=1714885111]

[node name="Large-Crypt" parent="Objects" unique_id=1183773734 instance=ExtResource("4_rk4ww")]
transform = Transform3D(0.99416226, 0, -0.107895225, 0, 1, 0, 0.107895225, 0, 0.99416226, 1, 0, -13)

[node name="Large-Crypt2" parent="Objects" unique_id=786974669 instance=ExtResource("4_rk4ww")]
transform = Transform3D(0.9977945, 0, 0.066378415, 0, 1, 0, -0.066378415, 0, 0.9977945, 9, 0, -13.5)

[node name="Small-Crypt" parent="Objects" unique_id=373356844 instance=ExtResource("5_2ft0s")]
transform = Transform3D(1, 0, 0, 0, 1, 0, 0, 0, 1, 3.8, 0, -12.4)

[node name="Small-Crypt2" parent="Objects" unique_id=1774358316 instance=ExtResource("5_2ft0s")]
transform = Transform3D(1, 0, 0, 0, 1, 0, 0, 0, 1, 6.1, 0, -12.7)

[node name="gravestone-bevel2" parent="." unique_id=1989379031 instance=ExtResource("7_igg6c")]
transform = Transform3D(1, 0, 0, 0, 1, 0, 0, 0, 1, 6, 0, -7.7999997)

[node name="gravestone-cross-large2" parent="." unique_id=1637037476 instance=ExtResource("8_pxg8r")]
transform = Transform3D(1, 0, 0, 0, 1, 0, 0, 0, 1, 4.0000005, 0, -7.8)

[node name="TreeWall" type="Node3D" parent="." unique_id=1731459694]

[node name="Pine" parent="TreeWall" unique_id=1342282758 instance=ExtResource("8_wa6q5")]
transform = Transform3D(0.70710677, 0, -0.70710677, 0, 1, 0, 0.70710677, 0, 0.70710677, -3.3, 0.1, -9.8)

[node name="Pine2" parent="TreeWall" unique_id=1982962781 instance=ExtResource("8_wa6q5")]
transform = Transform3D(0.81915206, 0, 0.57357645, 0, 1, 0, -0.57357645, 0, 0.81915206, -3.8, 0.1, -7)

[node name="Pine3" parent="TreeWall" unique_id=33538016 instance=ExtResource("8_wa6q5")]
transform = Transform3D(0.57357645, 0, 0.81915206, 0, 1, 0, -0.81915206, 0, 0.57357645, -4.7000003, 0.1, -4.2000003)

[node name="Pine4" parent="TreeWall" unique_id=208177984 instance=ExtResource("8_wa6q5")]
transform = Transform3D(1, 0, 0, 0, 1, 0, 0, 0, 1, -6.3, 0.1, -2)

[node name="Pine5" parent="TreeWall" unique_id=281612507 instance=ExtResource("8_wa6q5")]
transform = Transform3D(0.70710677, 0, 0.70710677, 0, 1, 0, -0.70710677, 0, 0.70710677, -6.3, 0.1, -2)

[node name="Pine6" parent="TreeWall" unique_id=926518087 instance=ExtResource("8_wa6q5")]
transform = Transform3D(-0.9396926, 0, -0.3420202, 0, 1, 0, 0.3420202, 0, -0.9396926, -5.5, 0.1, -1.2)

[node name="Pine7" parent="TreeWall" unique_id=201301744 instance=ExtResource("8_wa6q5")]
transform = Transform3D(0.90630776, 0, 0.42261827, 0, 1, 0, -0.42261827, 0, 0.90630776, -6.1, 0.1, 0.19999993)

[node name="Pine8" parent="TreeWall" unique_id=1462960477 instance=ExtResource("8_wa6q5")]
transform = Transform3D(1, 0, 0, 0, 1, 0, 0, 0, 1, -5.6, 0.1, 1.5)

[node name="Pine9" parent="TreeWall" unique_id=2065912806 instance=ExtResource("8_wa6q5")]
transform = Transform3D(0.9659258, 0, -0.25881904, 0, 1, 0, 0.25881904, 0, 0.9659258, -6.2999997, 0.1, 2.5)

[node name="Pine10" parent="TreeWall" unique_id=1898022918 instance=ExtResource("8_wa6q5")]
transform = Transform3D(0.76604444, 0, 0.6427876, 0, 1, 0, -0.6427876, 0, 0.76604444, -5.6, 0.1, 4.9)

[node name="Pine11" parent="TreeWall" unique_id=1763532020 instance=ExtResource("8_wa6q5")]
transform = Transform3D(0.9659258, 0, -0.25881904, 0, 1, 0, 0.25881904, 0, 0.9659258, -6.5, 0.1, 6.1000004)

[node name="Pine12" parent="TreeWall" unique_id=1445620220 instance=ExtResource("8_wa6q5")]
transform = Transform3D(0.25881907, 0, 0.9659258, 0, 1, 0, -0.9659258, 0, 0.25881907, -6.1, 0.1, 7.4000006)

[node name="Pine13" parent="TreeWall" unique_id=1904956250 instance=ExtResource("8_wa6q5")]
transform = Transform3D(-0.50000006, 0, 0.8660254, 0, 1, 0, -0.8660254, 0, -0.50000006, -4.7, 0.1, 8.900001)

[node name="Pine14" parent="TreeWall" unique_id=1023646552 instance=ExtResource("8_wa6q5")]
transform = Transform3D(0.70710677, 0, -0.70710677, 0, 1, 0, 0.70710677, 0, 0.70710677, -2.3999999, 0.1, 10.3)

[node name="Pine15" parent="TreeWall" unique_id=1244998202 instance=ExtResource("8_wa6q5")]
transform = Transform3D(0.49999997, 0, 0.86602545, 0, 1, 0, -0.86602545, 0, 0.49999997, 0.10000014, 0.1, 11.2)

[node name="Pine16" parent="TreeWall" unique_id=52170755 instance=ExtResource("8_wa6q5")]
transform = Transform3D(0.70710677, 0, -0.70710677, 0, 1, 0, 0.70710677, 0, 0.70710677, 1.3000002, 0.1, 13)

[node name="Pine-Crooked" parent="TreeWall" unique_id=410381679 instance=ExtResource("9_poik8")]
transform = Transform3D(1, 0, 0, 0, 1, 0, 0, 0, 1, -5.9, 0.1, 4)

[node name="Pine-Crooked2" parent="TreeWall" unique_id=39123544 instance=ExtResource("9_poik8")]
transform = Transform3D(1, 0, 0, 0, 1, 0, 0, 0, 1, -6.9, 0.1, 3.4)

[node name="Pine-Crooked3" parent="TreeWall" unique_id=69261422 instance=ExtResource("9_poik8")]
transform = Transform3D(1, 0, 0, 0, 1, 0, 0, 0, 1, -6.3, 0.1, -0.8000002)

[node name="Pine-Crooked4" parent="TreeWall" unique_id=201943151 instance=ExtResource("9_poik8")]
transform = Transform3D(1, 0, 0, 0, 1, 0, 0, 0, 1, -5.6000004, 0.1, -3.0000002)

[node name="Pine-Crooked5" parent="TreeWall" unique_id=27264117 instance=ExtResource("9_poik8")]
transform = Transform3D(1, 0, 0, 0, 1, 0, 0, 0, 1, -5.3, 0.1, -5.1000004)

[node name="Pine-Crooked6" parent="TreeWall" unique_id=502490158 instance=ExtResource("9_poik8")]
transform = Transform3D(1, 0, 0, 0, 1, 0, 0, 0, 1, -4.4, 0.1, -5.9000006)

[node name="Pine-Crooked7" parent="TreeWall" unique_id=1014016056 instance=ExtResource("9_poik8")]
transform = Transform3D(1, 0, 0, 0, 1, 0, 0, 0, 1, -4.4, 0.1, -7.6000004)

[node name="Pine-Crooked8" parent="TreeWall" unique_id=14879594 instance=ExtResource("9_poik8")]
transform = Transform3D(1, 0, 0, 0, 1, 0, 0, 0, 1, -3.9, 0.1, -8.1)

[node name="Pine-Crooked9" parent="TreeWall" unique_id=1992229861 instance=ExtResource("9_poik8")]
transform = Transform3D(1, 0, 0, 0, 1, 0, 0, 0, 1, -4.3, 0.1, -9.200001)

[node name="Pine-Crooked10" parent="TreeWall" unique_id=1637472795 instance=ExtResource("9_poik8")]
transform = Transform3D(1, 0, 0, 0, 1, 0, 0, 0, 1, -2.4, 0.1, -10.500001)

[node name="Pine-Crooked11" parent="TreeWall" unique_id=1246688319 instance=ExtResource("9_poik8")]
transform = Transform3D(1, 0, 0, 0, 1, 0, 0, 0, 1, -1.6000001, 0.1, -11.200001)

[node name="Pine-Crooked12" parent="TreeWall" unique_id=1314072253 instance=ExtResource("9_poik8")]
transform = Transform3D(1, 0, 0, 0, 1, 0, 0, 0, 1, -4.2000003, 0.1, 10)

[node name="Pine-Crooked13" parent="TreeWall" unique_id=979417773 instance=ExtResource("9_poik8")]
transform = Transform3D(1, 0, 0, 0, 1, 0, 0, 0, 1, -5.6000004, 0.1, 8.4)

[node name="Pine-Crooked14" parent="TreeWall" unique_id=1590067800 instance=ExtResource("9_poik8")]
transform = Transform3D(1, 0, 0, 0, 1, 0, 0, 0, 1, -3.3000004, 0.1, 10.7)

[node name="Pine-Crooked15" parent="TreeWall" unique_id=1870604799 instance=ExtResource("9_poik8")]
transform = Transform3D(1, 0, 0, 0, 1, 0, 0, 0, 1, -1.3000004, 0.1, 10.9)

[node name="Pine-Crooked16" parent="TreeWall" unique_id=1604432232 instance=ExtResource("9_poik8")]
transform = Transform3D(1, 0, 0, 0, 1, 0, 0, 0, 1, 0.49999964, 0.1, 12.099999)

[node name="Pine-Crooked17" parent="TreeWall" unique_id=271941409 instance=ExtResource("9_poik8")]
transform = Transform3D(1, 0, 0, 0, 1, 0, 0, 0, 1, -0.8000004, 0.1, 12.4)

[node name="Pine-Crooked18" parent="TreeWall" unique_id=637107635 instance=ExtResource("9_poik8")]
transform = Transform3D(1, 0, 0, 0, 1, 0, 0, 0, 1, -3.0000005, 0.1, 12.299999)

[node name="Pine-Crooked19" parent="TreeWall" unique_id=442805301 instance=ExtResource("9_poik8")]
transform = Transform3D(1, 0, 0, 0, 1, 0, 0, 0, 1, -5.3, 0.1, 12.299999)

[node name="Pine-Crooked20" parent="TreeWall" unique_id=562287143 instance=ExtResource("9_poik8")]
transform = Transform3D(1, 0, 0, 0, 1, 0, 0, 0, 1, -6.3, 0.1, 10.4)

[node name="Pine-Crooked21" parent="TreeWall" unique_id=1293651330 instance=ExtResource("9_poik8")]
transform = Transform3D(1, 0, 0, 0, 1, 0, 0, 0, 1, -7.7000003, 0.1, 8.4)

[node name="Pine-Crooked22" parent="TreeWall" unique_id=656943842 instance=ExtResource("9_poik8")]
transform = Transform3D(1, 0, 0, 0, 1, 0, 0, 0, 1, -8, 0.1, 5.5999994)

[node name="Pine-Crooked23" parent="TreeWall" unique_id=513020117 instance=ExtResource("9_poik8")]
transform = Transform3D(1, 0, 0, 0, 1, 0, 0, 0, 1, -7.9, 0.1, 1.2999992)

[node name="Pine-Crooked24" parent="TreeWall" unique_id=1911182549 instance=ExtResource("9_poik8")]
transform = Transform3D(1, 0, 0, 0, 1, 0, 0, 0, 1, -7.6, 0.1, -1.1000009)

[node name="Pine-Crooked25" parent="TreeWall" unique_id=687826172 instance=ExtResource("9_poik8")]
transform = Transform3D(1, 0, 0, 0, 1, 0, 0, 0, 1, -7.4, 0.1, -4.700001)

[node name="Pine-Crooked26" parent="TreeWall" unique_id=1509288869 instance=ExtResource("9_poik8")]
transform = Transform3D(1, 0, 0, 0, 1, 0, 0, 0, 1, -6.7239985, 0.1, -7.804085)

[node name="Pine-Crooked27" parent="TreeWall" unique_id=775545532 instance=ExtResource("9_poik8")]
transform = Transform3D(1, 0, 0, 0, 1, 0, 0, 0, 1, -5.6239986, 0.1, -9.304085)

[node name="Pine-Crooked28" parent="TreeWall" unique_id=1420028198 instance=ExtResource("9_poik8")]
transform = Transform3D(1, 0, 0, 0, 1, 0, 0, 0, 1, -7.8239985, 0.1, -11.004085)

[node name="Pine-Crooked29" parent="TreeWall" unique_id=640360107 instance=ExtResource("9_poik8")]
transform = Transform3D(1, 0, 0, 0, 1, 0, 0, 0, 1, -7.5239983, 0.1, 11.595916)

[node name="GraveKeeper" parent="." unique_id=556584128 instance=ExtResource("14_04s4b")]
transform = Transform3D(0.49999997, 0, -0.86602545, 0, 1, 0, 0.86602545, 0, 0.49999997, -2.4, 0, -0.7)

[node name="Spawners" type="Node3D" parent="." unique_id=1832718237]

[node name="ZombieGrave" parent="Spawners" unique_id=1984928856 instance=ExtResource("10_igg6c")]
transform = Transform3D(1, 0, 0, 0, 1, 0, 0, 0, 1, 6, 0, -7)

[node name="ZombieGrave2" parent="Spawners" unique_id=168771358 instance=ExtResource("10_igg6c")]
transform = Transform3D(1, 0, 0, 0, 1, 0, 0, 0, 1, 4, 0, -7)
