[gd_scene format=3 uid="uid://bgku14wjk3qvl"]

[ext_resource type="Script" uid="uid://5qwj47i13muc" path="res://levels/Level.cs" id="1_jbaln"]
[ext_resource type="PackedScene" uid="uid://dqr3k70ws2clj" path="res://objects/player/Player.tscn" id="2_c62yr"]
[ext_resource type="Texture2D" uid="uid://ddghw5ah1n605" path="res://models/world/Textures/floor_ground_grass.png" id="3_s0do1"]
[ext_resource type="Texture2D" uid="uid://b58mqu601xbk1" path="res://models/world/Textures/floor_ground_dirt.png" id="4_fii6p"]
[ext_resource type="Texture2D" uid="uid://cd8ffyuxapf2l" path="res://models/world/Textures/rustic_stone_wall_diff.jpg" id="4_tki4a"]
[ext_resource type="PackedScene" uid="uid://bxgt801sp2cj2" path="res://objects/world/iron-fence-border-column.tscn" id="5_2pk1k"]
[ext_resource type="Texture2D" uid="uid://bnwyriialm1tw" path="res://models/world/Textures/rustic_stone_wall_nor_gl.jpg" id="5_vqg3s"]
[ext_resource type="PackedScene" uid="uid://cuwhejqr6vfgx" path="res://objects/world/iron-fence-border-curve.tscn" id="6_3ypon"]
[ext_resource type="PackedScene" uid="uid://bc0xr34wiivcw" path="res://objects/world/iron-fence-border.tscn" id="7_nn62f"]
[ext_resource type="PackedScene" uid="uid://bce4wj0h8yxwc" path="res://objects/world/brick-wall.tscn" id="8_tki4a"]
[ext_resource type="PackedScene" uid="uid://drgyk0lyq7c48" path="res://objects/world/brick-wall-curve.tscn" id="9_vqg3s"]
[ext_resource type="PackedScene" uid="uid://c5avdol8elaiy" path="res://objects/world/brick-wall-end.tscn" id="10_b2pni"]
[ext_resource type="PackedScene" uid="uid://cdxif7yx0hk1q" path="res://objects/world/iron_fence.tscn" id="11_cxw65"]
[ext_resource type="PackedScene" uid="uid://dfr7or66g0bo0" path="res://objects/world/iron_fence_curve.tscn" id="12_u1dja"]
[ext_resource type="PackedScene" uid="uid://b7jor3ui1ny2p" path="res://objects/world/pine.tscn" id="13_2a4ue"]
[ext_resource type="PackedScene" uid="uid://cc5n845rl2xy6" path="res://objects/world/pine-crooked.tscn" id="14_nqlus"]
[ext_resource type="PackedScene" uid="uid://c028p4aptwvq3" path="res://objects/world/biggest_crypt.tscn" id="15_s0na2"]
[ext_resource type="PackedScene" uid="uid://b1ehjlq2dnjqv" path="res://objects/world/small_crypt.tscn" id="16_8ry8i"]
[ext_resource type="PackedScene" uid="uid://yclbv828lmqp" path="res://objects/world/gravestone_cross_large.tscn" id="17_w8vp7"]
[ext_resource type="PackedScene" uid="uid://c1pbuj7q8co7m" path="res://objects/world/grave.tscn" id="18_t1hrt"]
[ext_resource type="PackedScene" uid="uid://brgrsp5pxy3jy" path="res://objects/world/gravestone_cross.tscn" id="19_vtsg3"]
[ext_resource type="PackedScene" uid="uid://ct35j5bxce1m1" path="res://objects/world/shovel_dirt.tscn" id="20_3ewjc"]
[ext_resource type="PackedScene" uid="uid://bwenbsu50024v" path="res://objects/world/gravestone_decorative.tscn" id="21_q3trw"]
[ext_resource type="PackedScene" uid="uid://cie83cvmtb04r" path="res://objects/world/gravestone_wide.tscn" id="22_mpa4h"]
[ext_resource type="PackedScene" uid="uid://tjlcu7hm3uv1" path="res://objects/world/gravestone_bevel.tscn" id="23_xso8s"]
[ext_resource type="PackedScene" uid="uid://c1ipxl0cwu0pu" path="res://objects/world/gravestone_roof.tscn" id="24_8pemn"]
[ext_resource type="PackedScene" uid="uid://cr75n3bpdv2jc" path="res://objects/world/gravestone_debris.tscn" id="25_lf7ew"]
[ext_resource type="PackedScene" uid="uid://cfxa3ttncd14k" path="res://objects/world/gravestone_round.tscn" id="26_sj3ru"]
[ext_resource type="PackedScene" uid="uid://60pqw2ena1a6" path="res://objects/world/hay_bale_bundled.tscn" id="27_ijb2o"]
[ext_resource type="PackedScene" uid="uid://dbusl8k5fd00s" path="res://objects/world/gravestone_broken.tscn" id="28_hdr1o"]
[ext_resource type="PackedScene" uid="uid://0rrpvqdxbqvd" path="res://objects/world/bench.tscn" id="29_7kvwx"]
[ext_resource type="PackedScene" uid="uid://dbb1qnfykmnex" path="res://objects/world/rocks_tall.tscn" id="31_dcem6"]
[ext_resource type="PackedScene" uid="uid://ieo7dfqi14sq" path="res://objects/world/rocks.tscn" id="32_a2lsh"]
[ext_resource type="PackedScene" uid="uid://bfgn18tw1swjs" path="res://objects/world/pine_fall_crooked.tscn" id="34_6h8ik"]
[ext_resource type="PackedScene" uid="uid://brgrvnuyyrk3g" path="res://objects/world/pine_fall.tscn" id="35_4fppw"]
[ext_resource type="PackedScene" uid="uid://c50cxfeogrimc" path="res://objects/world/cross_wood.tscn" id="36_e84cd"]
[ext_resource type="PackedScene" uid="uid://cs4k5ybihtguc" path="res://objects/world/cross.tscn" id="37_kcojb"]
[ext_resource type="PackedScene" uid="uid://bcraoqrwksr3f" path="res://objects/npcs/grave_keeper.tscn" id="38_wlagu"]
[ext_resource type="PackedScene" uid="uid://fcopxpqwudtr" path="res://objects/spawners/zombie_grave.tscn" id="39_edtui"]
[ext_resource type="PackedScene" uid="uid://dly0lqp2u2ux" path="res://objects/spawners/skeleton_crypt.tscn" id="40_vx5ts"]
[ext_resource type="PackedScene" uid="uid://cage3u8o8faf5" path="res://objects/monsters/zombie.tscn" id="41_kvvcw"]
[ext_resource type="PackedScene" uid="uid://bhkndjt2gle32" path="res://objects/world/candle.tscn" id="42_npc86"]
[ext_resource type="PackedScene" uid="uid://c7yu8x2wk2jpk" path="res://objects/world/candle_multiple.tscn" id="43_240r8"]
[ext_resource type="PackedScene" uid="uid://vg0o6j0i0cts" path="res://objects/world/altar_wood.tscn" id="44_2pk1k"]
[ext_resource type="PackedScene" uid="uid://bed07qblpce7b" path="res://ui/PauseScreen.tscn" id="44_c62yr"]
[ext_resource type="PackedScene" uid="uid://d14w42ngcffxv" path="res://models/world/detail-bowl.glb" id="45_3ypon"]
[ext_resource type="PackedScene" uid="uid://ce60tv0sukl0n" path="res://models/world/shovel.glb" id="45_s0do1"]
[ext_resource type="PackedScene" uid="uid://copvt3gxyrrp2" path="res://models/world/detail-chalice.glb" id="46_nn62f"]
[ext_resource type="PackedScene" uid="uid://4f67d8cwwgrj" path="res://models/world/detail-plate.glb" id="47_tki4a"]
[ext_resource type="PackedScene" uid="uid://bg716f0d7cmr7" path="res://objects/world/lantern_candle.tscn" id="48_3ypon"]
[ext_resource type="PackedScene" uid="uid://bpk1u0utq63dd" path="res://objects/monsters/ghost.tscn" id="51_vqg3s"]

[sub_resource type="Environment" id="Environment_7c752"]
background_mode = 1
ambient_light_source = 2
ambient_light_color = Color(0.039215688, 0.039215688, 0.078431375, 1)
ambient_light_energy = 0.05
tonemap_mode = 2
glow_enabled = true
glow_bloom = 0.1
glow_blend_mode = 0
fog_enabled = true
fog_light_color = Color(0.101960786, 0.101960786, 0.18039216, 1)
fog_light_energy = 0.8
fog_density = 0.06
fog_depth_curve = 1.6245033
fog_depth_begin = 5.0
fog_depth_end = 50.0

[sub_resource type="StandardMaterial3D" id="StandardMaterial3D_2tv3u"]
albedo_texture = ExtResource("3_s0do1")
uv1_triplanar = true

[sub_resource type="StandardMaterial3D" id="StandardMaterial3D_fii6p"]
albedo_color = Color(0, 0, 0, 1)

[sub_resource type="StandardMaterial3D" id="StandardMaterial3D_b2pni"]
albedo_texture = ExtResource("4_tki4a")
normal_enabled = true
normal_texture = ExtResource("5_vqg3s")
uv1_triplanar = true

[sub_resource type="StandardMaterial3D" id="StandardMaterial3D_igg6c"]
albedo_texture = ExtResource("4_fii6p")
uv1_triplanar = true

[sub_resource type="PlaneMesh" id="PlaneMesh_pxg8r"]
material = SubResource("StandardMaterial3D_igg6c")
size = Vector2(4, 2)

[sub_resource type="PlaneMesh" id="PlaneMesh_c62yr"]
material = SubResource("StandardMaterial3D_igg6c")

[sub_resource type="PlaneMesh" id="PlaneMesh_83jlc"]
material = SubResource("StandardMaterial3D_igg6c")

[node name="GraveyardLevel" type="Node3D" unique_id=1924571447 node_paths=PackedStringArray("PauseScreen")]
script = ExtResource("1_jbaln")
PauseScreen = NodePath("CanvasLayer/PauseScreen")

[node name="SpookyMoonLight" type="DirectionalLight3D" parent="." unique_id=1054058508]
transform = Transform3D(0.70710677, -0.35355338, 0.6123724, 0, 0.8660254, 0.5, -0.70710677, -0.35355338, 0.6123724, 0, 5.811947, 0)
light_color = Color(0.23921569, 0.2901961, 0.41960785, 1)
light_energy = 0.5
light_indirect_energy = 0.25
shadow_enabled = true
shadow_blur = 3.0

[node name="BrightLight" type="DirectionalLight3D" parent="." unique_id=1393330020]
transform = Transform3D(0.43051112, -0.88286155, -0.18765806, 0, -0.20791174, 0.9781475, -0.9025852, -0.42110342, -0.08950832, 0, 5.811947, 0)
visible = false
shadow_enabled = true
shadow_blur = 3.0

[node name="Player" parent="." unique_id=820153746 instance=ExtResource("2_c62yr")]
transform = Transform3D(-4.371139e-08, 0, -1, 0, 1, 0, 1, 0, -4.371139e-08, -5.1430025, 0, 0)

[node name="WorldEnvironment" type="WorldEnvironment" parent="." unique_id=1773977596]
environment = SubResource("Environment_7c752")

[node name="CSG-Boxes" type="Node3D" parent="." unique_id=1358346698]

[node name="Ground" type="CSGBox3D" parent="CSG-Boxes" unique_id=213862804]
transform = Transform3D(1, 0, 0, 0, 1, 0, 0, 0, 1, 17.250004, -0.19456717, -14.079157)
use_collision = true
size = Vector3(73.9, 0.4, 27.5)
material = SubResource("StandardMaterial3D_2tv3u")

[node name="Ground2" type="CSGBox3D" parent="CSG-Boxes" unique_id=1002656897]
transform = Transform3D(1, 0, 0, 0, 1, 0, 0, 0, 1, 17.250004, -0.19456719, 15.471058)
use_collision = true
size = Vector3(73.9, 0.4, 30.2)
material = SubResource("StandardMaterial3D_2tv3u")

[node name="Ground3" type="CSGBox3D" parent="CSG-Boxes" unique_id=975558537]
transform = Transform3D(1, 0, 0, 0, 1, 0, 0, 0, 1, 38.100006, -0.19456717, 0.02105841)
use_collision = true
size = Vector3(32.2, 0.4, 0.7)
material = SubResource("StandardMaterial3D_2tv3u")

[node name="Ground4" type="CSGBox3D" parent="CSG-Boxes" unique_id=1055614064]
transform = Transform3D(1, 0, 0, 0, 1, 0, 0, 0, 1, 0.2500019, -0.19456719, 0.02105835)
use_collision = true
size = Vector3(39.9, 0.4, 0.7)
material = SubResource("StandardMaterial3D_2tv3u")

[node name="Hole-Wall1" type="CSGBox3D" parent="CSG-Boxes" unique_id=1725351646]
transform = Transform3D(1, 0, 0, 0, 1, 0, 0, 0, 1, 26.15, -1.2, 0.049999982)
use_collision = true
size = Vector3(0.3, 1.6, 1.9)
material = SubResource("StandardMaterial3D_fii6p")

[node name="Hole-Floor" type="CSGBox3D" parent="CSG-Boxes" unique_id=385541656]
transform = Transform3D(1, 0, 0, 0, 1, 0, 0, 0, 1, 22.25, -2.1000001, 0.05000013)
use_collision = true
size = Vector3(7.9, 0.2, 2.3)
material = SubResource("StandardMaterial3D_b2pni")

[node name="Hole-Wall2" type="CSGBox3D" parent="CSG-Boxes" unique_id=1227052524]
transform = Transform3D(1, 0, 0, 0, 1, 0, 0, 0, 1, 18.55, -1.2, 0.049999982)
use_collision = true
size = Vector3(0.3, 1.6, 1.9)
material = SubResource("StandardMaterial3D_fii6p")

[node name="Hole-Wall3" type="CSGBox3D" parent="CSG-Boxes" unique_id=173647015]
transform = Transform3D(1, 0, 0, 0, 1, 0, 0, 0, 1, 22.3, -1.2, 1.0999999)
use_collision = true
size = Vector3(7.8, 1.6, 0.2)
material = SubResource("StandardMaterial3D_fii6p")

[node name="Hole-Wall4" type="CSGBox3D" parent="CSG-Boxes" unique_id=1127401875]
transform = Transform3D(1, 0, 0, 0, 1, 0, 0, 0, 1, 22.3, -1.2, -1.0000002)
use_collision = true
size = Vector3(7.8, 1.6, 0.2)
material = SubResource("StandardMaterial3D_fii6p")

[node name="Path" type="Node3D" parent="." unique_id=581583198]
metadata/_edit_lock_ = true

[node name="Path" type="MeshInstance3D" parent="Path" unique_id=1064039573]
transform = Transform3D(1, 0, 0, 0, 1, 0, 0, 0, 1, -10.45498, 0.01, 0)
mesh = SubResource("PlaneMesh_pxg8r")

[node name="Path2" type="MeshInstance3D" parent="Path" unique_id=1501593938]
transform = Transform3D(1, 0, 0, 0, 1, 0, 0, 0, 1, -6.4549794, 0.01, 0)
mesh = SubResource("PlaneMesh_pxg8r")

[node name="Path3" type="MeshInstance3D" parent="Path" unique_id=1849792497]
transform = Transform3D(1, 0, 0, 0, 1, 0, 0, 0, 1, -2.4549794, 0.01, 0)
mesh = SubResource("PlaneMesh_pxg8r")

[node name="Path4" type="MeshInstance3D" parent="Path" unique_id=1378736268]
transform = Transform3D(1, 0, 0, 0, 1, 0, 0, 0, 1, 1.5450206, 0.01, 0)
mesh = SubResource("PlaneMesh_pxg8r")

[node name="Path5" type="MeshInstance3D" parent="Path" unique_id=1632947836]
transform = Transform3D(1, 0, 0, 0, 1, 0, 0, 0, 1, 5.5450206, 0.01, 0)
mesh = SubResource("PlaneMesh_pxg8r")

[node name="Path6" type="MeshInstance3D" parent="Path" unique_id=946134489]
transform = Transform3D(1, 0, 0, 0, 1, 0, 0, 0, 1, 9.545021, 0.01, 0)
mesh = SubResource("PlaneMesh_pxg8r")

[node name="Path7" type="MeshInstance3D" parent="Path" unique_id=745274181]
transform = Transform3D(-4.371139e-08, 0, 1, 0, 1, 0, -1, 0, -4.371139e-08, 10.545021, 0.01, -3)
mesh = SubResource("PlaneMesh_pxg8r")

[node name="Path9" type="MeshInstance3D" parent="Path" unique_id=64092107]
transform = Transform3D(-4.371139e-08, 0, 1, 0, 1, 0, -1, 0, -4.371139e-08, 10.545021, 0.01, -7)
mesh = SubResource("PlaneMesh_pxg8r")

[node name="Path10" type="MeshInstance3D" parent="Path" unique_id=1989939786]
transform = Transform3D(1, 0, 0, 0, 1, 0, 0, 0, 1, 13.545021, 0.01, -8)
mesh = SubResource("PlaneMesh_pxg8r")

[node name="Path11" type="MeshInstance3D" parent="Path" unique_id=1395296432]
transform = Transform3D(1, 0, 0, 0, 1, 0, 0, 0, 1, 17.545021, 0.01, -8)
mesh = SubResource("PlaneMesh_pxg8r")

[node name="Path12" type="MeshInstance3D" parent="Path" unique_id=1482801039]
transform = Transform3D(1, 0, 0, 0, 1, 0, 0, 0, 1, 21.545021, 0.01, -8)
mesh = SubResource("PlaneMesh_pxg8r")

[node name="Path14" type="MeshInstance3D" parent="Path" unique_id=65311531]
transform = Transform3D(1, 0, 0, 0, 1, 0, 0, 0, 1, 25.545021, 0.01, -8)
mesh = SubResource("PlaneMesh_pxg8r")

[node name="Path15" type="MeshInstance3D" parent="Path" unique_id=1186420434]
transform = Transform3D(-4.371139e-08, 0, -1, 0, 1, 0, 1, 0, -4.371139e-08, 26.545021, 0.01, -5)
mesh = SubResource("PlaneMesh_pxg8r")

[node name="Path16" type="MeshInstance3D" parent="Path" unique_id=409694083]
transform = Transform3D(-4.371139e-08, 0, -1, 0, 1, 0, 1, 0, -4.371139e-08, 26.545021, 0.01, -1)
mesh = SubResource("PlaneMesh_pxg8r")

[node name="Path17" type="MeshInstance3D" parent="Path" unique_id=657531041]
transform = Transform3D(-4.371139e-08, 0, -1, 0, 1, 0, 1, 0, -4.371139e-08, 26.545021, 0.01, 3)
mesh = SubResource("PlaneMesh_pxg8r")

[node name="Path18" type="MeshInstance3D" parent="Path" unique_id=546655898]
transform = Transform3D(-4.371139e-08, 0, -1, 0, 1, 0, 1, 0, -4.371139e-08, 26.545021, 0.01, 7)
mesh = SubResource("PlaneMesh_pxg8r")

[node name="Path19" type="MeshInstance3D" parent="Path" unique_id=128038677]
transform = Transform3D(1, 0, 0, 0, 1, 0, 0, 0, 1, 23.545021, 0.01, 8)
mesh = SubResource("PlaneMesh_pxg8r")

[node name="Path20" type="MeshInstance3D" parent="Path" unique_id=278668593]
transform = Transform3D(1, 0, 0, 0, 1, 0, 0, 0, 1, 19.545021, 0.01, 8)
mesh = SubResource("PlaneMesh_pxg8r")

[node name="Path21" type="MeshInstance3D" parent="Path" unique_id=1138491295]
transform = Transform3D(1, 0, 0, 0, 1, 0, 0, 0, 1, 15.545021, 0.01, 8)
mesh = SubResource("PlaneMesh_pxg8r")

[node name="Path23" type="MeshInstance3D" parent="Path" unique_id=924183120]
transform = Transform3D(-4.371139e-08, 0, 1, 0, 1, 0, -1, 0, -4.371139e-08, 16.84502, 0.01, 5)
mesh = SubResource("PlaneMesh_pxg8r")

[node name="Path24" type="MeshInstance3D" parent="Path" unique_id=930116275]
transform = Transform3D(-4.371139e-08, 0, 1, 0, 1, 0, -1, 0, -4.371139e-08, 16.84502, 0.01, 0.9999999)
mesh = SubResource("PlaneMesh_pxg8r")

[node name="Path25" type="MeshInstance3D" parent="Path" unique_id=747622572]
transform = Transform3D(-1, 0, -8.742278e-08, 0, 1, 0, 8.742278e-08, 0, -1, 18.84502, 0.01, -1.5646219e-07)
mesh = SubResource("PlaneMesh_c62yr")

[node name="Path22" type="MeshInstance3D" parent="Path" unique_id=196066372]
transform = Transform3D(1, 0, 0, 0, 1, 0, 0, 0, 1, 11.545021, 0.01, 8)
mesh = SubResource("PlaneMesh_pxg8r")

[node name="Path26" type="MeshInstance3D" parent="Path" unique_id=98277128]
transform = Transform3D(1, 0, 0, 0, 1, 0, 0, 0, 1, 10.545021, 0.01, 6)
mesh = SubResource("PlaneMesh_83jlc")

[node name="Path8" type="MeshInstance3D" parent="Path" unique_id=2046985229]
transform = Transform3D(-4.371139e-08, 0, 1, 0, 1, 0, -1, 0, -4.371139e-08, 10.545021, 0.01, 3)
mesh = SubResource("PlaneMesh_pxg8r")

[node name="Walls" type="Node3D" parent="." unique_id=1061939629]
metadata/_edit_lock_ = true

[node name="IronFenceColumn" parent="Walls" unique_id=176482629 instance=ExtResource("5_2pk1k")]
transform = Transform3D(-6.556708e-08, 0, 1.5, 0, 1.5, 0, -1.5, 0, -6.556708e-08, 0, 0, 1)

[node name="IronFenceColumn2" parent="Walls" unique_id=34563253 instance=ExtResource("5_2pk1k")]
transform = Transform3D(-6.556708e-08, 0, -1.5, 0, 1.5, 0, 1.5, 0, -6.556708e-08, 0, 0, -1)

[node name="IronFenceCurve" parent="Walls" unique_id=209569291 instance=ExtResource("6_3ypon")]
transform = Transform3D(1.5, 0, 0, 0, 1.5, 0, 0, 0, 1.5, 0, 0, -4)

[node name="IronFenceCurve4" parent="Walls" unique_id=1295026061 instance=ExtResource("6_3ypon")]
transform = Transform3D(1.5, 0, 0, 0, 1.5, 0, 0, 0, 1.5, 0, 0, -4)

[node name="IronFenceCurve5" parent="Walls" unique_id=1100290964 instance=ExtResource("6_3ypon")]
transform = Transform3D(-1.5, 0, -1.3113416e-07, 0, 1.5, 0, 1.3113416e-07, 0, -1.5, 8.4, 0, -6.4336753)

[node name="IronFenceCurve6" parent="Walls" unique_id=1205099353 instance=ExtResource("6_3ypon")]
transform = Transform3D(1.5, 0, 0, 0, 1.5, 0, 0, 0, 1.5, 8.4, 0, -12.233675)

[node name="IronFenceCurve2" parent="Walls" unique_id=1295545372 instance=ExtResource("6_3ypon")]
transform = Transform3D(-6.556708e-08, 0, 1.5, 0, 1.5, 0, -1.5, 0, -6.556708e-08, 1.2423272, 0, 5.2)

[node name="IronFenceCurve3" parent="Walls" unique_id=1025532026 instance=ExtResource("6_3ypon")]
transform = Transform3D(1.9670124e-07, 0, -1.5, 0, 1.5, 0, 1.5, 0, 1.9670124e-07, 7.142328, 0, 5.2)

[node name="IronFenceCurve7" parent="Walls" unique_id=1524596352 instance=ExtResource("6_3ypon")]
transform = Transform3D(-6.556708e-08, 0, 1.5, 0, 1.5, 0, -1.5, 0, -6.556708e-08, 9.601252, 0, 13.5)

[node name="IronFenceCurve8" parent="Walls" unique_id=1491718371 instance=ExtResource("6_3ypon")]
transform = Transform3D(-1.5, 0, -1.3113416e-07, 0, 1.5, 0, 1.3113416e-07, 0, -1.5, 31.801252, 0, 12.268263)

[node name="IronFenceCurve9" parent="Walls" unique_id=98122898 instance=ExtResource("6_3ypon")]
transform = Transform3D(1.9670124e-07, 0, -1.5, 0, 1.5, 0, 1.5, 0, 1.9670124e-07, 30.601252, 0, -13.500057)

[node name="IronFence" parent="Walls" unique_id=792074470 instance=ExtResource("7_nn62f")]
transform = Transform3D(1.5, 0, 0, 0, 1.5, 0, 0, 0, 1.5, 1.2, 0, -5.2)

[node name="IronFence4" parent="Walls" unique_id=1968124814 instance=ExtResource("7_nn62f")]
transform = Transform3D(1.5, 0, 0, 0, 1.5, 0, 0, 0, 1.5, 4.200001, 0, -5.2)

[node name="IronFence2" parent="Walls" unique_id=1923030626 instance=ExtResource("7_nn62f")]
transform = Transform3D(1.5, 0, 0, 0, 1.5, 0, 0, 0, 1.5, 1.2, 0, 5.2000003)

[node name="IronFence3" parent="Walls" unique_id=362813713 instance=ExtResource("7_nn62f")]
transform = Transform3D(1.5, 0, 0, 0, 1.5, 0, 0, 0, 1.5, 4.2, 0, 5.2000003)

[node name="IronFence5" parent="Walls" unique_id=15244164 instance=ExtResource("7_nn62f")]
transform = Transform3D(1.5, 0, 0, 0, 1.5, 0, 0, 0, 1.5, 9.6, 0, 13.5)

[node name="IronFence7" parent="Walls" unique_id=347586690 instance=ExtResource("7_nn62f")]
transform = Transform3D(1.5, 0, 0, 0, 1.5, 0, 0, 0, 1.5, 12.6, 0, 13.5)

[node name="IronFence8" parent="Walls" unique_id=1171977215 instance=ExtResource("7_nn62f")]
transform = Transform3D(1.5, 0, 0, 0, 1.5, 0, 0, 0, 1.5, 15.6, 0, 13.5)

[node name="IronFence9" parent="Walls" unique_id=1044285688 instance=ExtResource("7_nn62f")]
transform = Transform3D(1.5, 0, 0, 0, 1.5, 0, 0, 0, 1.5, 18.6, 0, 13.5)

[node name="IronFence10" parent="Walls" unique_id=1219971900 instance=ExtResource("7_nn62f")]
transform = Transform3D(1.5, 0, 0, 0, 1.5, 0, 0, 0, 1.5, 21.6, 0, 13.5)

[node name="IronFence11" parent="Walls" unique_id=1136952657 instance=ExtResource("7_nn62f")]
transform = Transform3D(1.5, 0, 0, 0, 1.5, 0, 0, 0, 1.5, 24.6, 0, 13.5)

[node name="IronFence27" parent="Walls" unique_id=387346708 instance=ExtResource("7_nn62f")]
transform = Transform3D(1.5, 0, 0, 0, 1.5, 0, 0, 0, 1.5, 27.6, 0, 13.5)

[node name="IronFence12" parent="Walls" unique_id=1900520105 instance=ExtResource("7_nn62f")]
transform = Transform3D(1.5, 0, 0, 0, 1.5, 0, 0, 0, 1.5, 12.6, 0, -13.5)

[node name="IronFence13" parent="Walls" unique_id=273439 instance=ExtResource("7_nn62f")]
transform = Transform3D(1.5, 0, 0, 0, 1.5, 0, 0, 0, 1.5, 15.6, 0, -13.5)

[node name="IronFence14" parent="Walls" unique_id=1737019206 instance=ExtResource("7_nn62f")]
transform = Transform3D(1.5, 0, 0, 0, 1.5, 0, 0, 0, 1.5, 18.6, 0, -13.5)

[node name="IronFence15" parent="Walls" unique_id=7278962 instance=ExtResource("7_nn62f")]
transform = Transform3D(1.5, 0, 0, 0, 1.5, 0, 0, 0, 1.5, 21.6, 0, -13.5)

[node name="IronFence16" parent="Walls" unique_id=1366325548 instance=ExtResource("7_nn62f")]
transform = Transform3D(1.5, 0, 0, 0, 1.5, 0, 0, 0, 1.5, 24.6, 0, -13.5)

[node name="IronFence28" parent="Walls" unique_id=386839512 instance=ExtResource("7_nn62f")]
transform = Transform3D(1.5, 0, 0, 0, 1.5, 0, 0, 0, 1.5, 27.6, 0, -13.5)

[node name="IronFence18" parent="Walls" unique_id=2088949120 instance=ExtResource("7_nn62f")]
transform = Transform3D(-6.556708e-08, 0, -1.5, 0, 1.5, 0, 1.5, 0, -6.556708e-08, 8.39034, 0, -9.4)

[node name="IronFence21" parent="Walls" unique_id=1000225796 instance=ExtResource("7_nn62f")]
transform = Transform3D(-6.556708e-08, 0, -1.5, 0, 1.5, 0, 1.5, 0, -6.556708e-08, 8.39034, 0, -12.299999)

[node name="IronFence19" parent="Walls" unique_id=391994282 instance=ExtResource("7_nn62f")]
transform = Transform3D(-6.556708e-08, 0, -1.5, 0, 1.5, 0, 1.5, 0, -6.556708e-08, 31.831396, 0.005432129, -9.433561)

[node name="IronFence22" parent="Walls" unique_id=623151761 instance=ExtResource("7_nn62f")]
transform = Transform3D(-6.556708e-08, 0, -1.5, 0, 1.5, 0, 1.5, 0, -6.556708e-08, 31.831396, 0.005432129, -12.433561)

[node name="IronFence20" parent="Walls" unique_id=1172464777 instance=ExtResource("7_nn62f")]
transform = Transform3D(-6.556708e-08, 0, -1.5, 0, 1.5, 0, 1.5, 0, -6.556708e-08, 31.831396, 0.005432129, -6.4335613)

[node name="IronFence24" parent="Walls" unique_id=1039537855 instance=ExtResource("7_nn62f")]
transform = Transform3D(-6.556708e-08, 0, -1.5, 0, 1.5, 0, 1.5, 0, -6.556708e-08, 31.798498, 0.005432129, 6.275118)

[node name="IronFence26" parent="Walls" unique_id=1122536852 instance=ExtResource("7_nn62f")]
transform = Transform3D(-6.556708e-08, 0, -1.5, 0, 1.5, 0, 1.5, 0, -6.556708e-08, 31.798498, 0.005432129, 9.275118)

[node name="IronFence25" parent="Walls" unique_id=1335994742 instance=ExtResource("7_nn62f")]
transform = Transform3D(-6.556708e-08, 0, -1.5, 0, 1.5, 0, 1.5, 0, -6.556708e-08, 31.798498, 0.005432129, 3.2751179)

[node name="IronFence17" parent="Walls" unique_id=1711783840 instance=ExtResource("7_nn62f")]
transform = Transform3D(-6.556708e-08, 0, -1.5, 0, 1.5, 0, 1.5, 0, -6.556708e-08, 8.375769, 0, 6.3)

[node name="IronFence23" parent="Walls" unique_id=987760690 instance=ExtResource("7_nn62f")]
transform = Transform3D(-6.556708e-08, 0, -1.5, 0, 1.5, 0, 1.5, 0, -6.556708e-08, 8.375769, 0, 9.3)

[node name="IronFence6" parent="Walls" unique_id=1458142884 instance=ExtResource("7_nn62f")]
transform = Transform3D(1.5, 0, 0, 0, 1.5, 0, 0, 0, 1.5, 9.6, 0, -13.5)

[node name="IronFenceColumn3" parent="Walls" unique_id=1993037068 instance=ExtResource("5_2pk1k")]
transform = Transform3D(-6.556708e-08, 0, -1.5, 0, 1.5, 0, 1.5, 0, -6.556708e-08, 31.829027, 0, -0.5)

[node name="IronFenceColumn4" parent="Walls" unique_id=1317161013 instance=ExtResource("5_2pk1k")]
transform = Transform3D(-6.556708e-08, 0, 1.5, 0, 1.5, 0, -1.5, 0, -6.556708e-08, 31.799997, 0, 0.29999983)

[node name="BrickWall" parent="Walls" unique_id=852597304 instance=ExtResource("8_tki4a")]
transform = Transform3D(-4.371139e-08, 0, 1, 0, 1, 0, -1, 0, -4.371139e-08, 12.200001, 0, 1)

[node name="BrickWall2" parent="Walls" unique_id=1983681339 instance=ExtResource("8_tki4a")]
transform = Transform3D(-4.371139e-08, 0, 1, 0, 1, 0, -1, 0, -4.371139e-08, 12.200001, 0, -1)

[node name="BrickWall3" parent="Walls" unique_id=953152820 instance=ExtResource("8_tki4a")]
transform = Transform3D(-4.371139e-08, 0, 1, 0, 1, 0, -1, 0, -4.371139e-08, 12.200001, 0, -3)

[node name="BrickWall4" parent="Walls" unique_id=550485813 instance=ExtResource("8_tki4a")]
transform = Transform3D(-4.371139e-08, 0, 1, 0, 1, 0, -1, 0, -4.371139e-08, 12.200001, 0, 3)

[node name="BrickWall5" parent="Walls" unique_id=1942861433 instance=ExtResource("8_tki4a")]
transform = Transform3D(-4.371139e-08, 0, 1, 0, 1, 0, -1, 0, -4.371139e-08, 12.200001, 0, 5)

[node name="BrickWall6" parent="Walls" unique_id=2128478822 instance=ExtResource("8_tki4a")]
transform = Transform3D(-4.371139e-08, 0, 1, 0, 1, 0, -1, 0, -4.371139e-08, 23.900002, 0, 5)

[node name="BrickWall7" parent="Walls" unique_id=1707370820 instance=ExtResource("8_tki4a")]
transform = Transform3D(-4.371139e-08, 0, 1, 0, 1, 0, -1, 0, -4.371139e-08, 23.900002, 0, 3)

[node name="BrickWall8" parent="Walls" unique_id=32308824 instance=ExtResource("8_tki4a")]
transform = Transform3D(-4.371139e-08, 0, 1, 0, 1, 0, -1, 0, -4.371139e-08, 23.900002, 0, 1)

[node name="BrickWall9" parent="Walls" unique_id=47296628 instance=ExtResource("8_tki4a")]
transform = Transform3D(-4.371139e-08, 0, 1, 0, 1, 0, -1, 0, -4.371139e-08, 23.900002, 0, -1.0000001)

[node name="BrickWall10" parent="Walls" unique_id=1185436727 instance=ExtResource("8_tki4a")]
transform = Transform3D(-4.371139e-08, 0, 1, 0, 1, 0, -1, 0, -4.371139e-08, 23.900002, 0, -3)

[node name="BrickWallCurve" parent="Walls" unique_id=637888047 instance=ExtResource("9_vqg3s")]
transform = Transform3D(-4.371139e-08, 0, 1, 0, 1, 0, -1, 0, -4.371139e-08, 12.9, 0, -6)

[node name="BrickWallCurve4" parent="Walls" unique_id=1720505556 instance=ExtResource("9_vqg3s")]
transform = Transform3D(1, 0, 0, 0, 1, 0, 0, 0, 1, 23.900003, 0, -5)

[node name="BrickWallCurve2" parent="Walls" unique_id=1977404456 instance=ExtResource("9_vqg3s")]
transform = Transform3D(-1, 0, -8.742278e-08, 0, 1, 0, 8.742278e-08, 0, -1, 11.9, 0, 5)

[node name="BrickWall11" parent="Walls" unique_id=1875222626 instance=ExtResource("8_tki4a")]
transform = Transform3D(1, 0, 0, 0, 1, 0, 0, 0, 1, 12.9, 0, 6)

[node name="BrickWall14" parent="Walls" unique_id=876376441 instance=ExtResource("8_tki4a")]
transform = Transform3D(1, 0, 0, 0, 1, 0, 0, 0, 1, 18.900002, 0, 6)

[node name="BrickWall15" parent="Walls" unique_id=1859215869 instance=ExtResource("8_tki4a")]
transform = Transform3D(1, 0, 0, 0, 1, 0, 0, 0, 1, 20.900002, 0, 6)

[node name="BrickWall16" parent="Walls" unique_id=2004989473 instance=ExtResource("8_tki4a")]
transform = Transform3D(1, 0, 0, 0, 1, 0, 0, 0, 1, 12.9, 0, -5.7)

[node name="BrickWall17" parent="Walls" unique_id=659734663 instance=ExtResource("8_tki4a")]
transform = Transform3D(1, 0, 0, 0, 1, 0, 0, 0, 1, 14.9, 0, -5.7)

[node name="BrickWall18" parent="Walls" unique_id=1715396206 instance=ExtResource("8_tki4a")]
transform = Transform3D(1, 0, 0, 0, 1, 0, 0, 0, 1, 16.900002, 0, -5.7)

[node name="BrickWall19" parent="Walls" unique_id=1239396239 instance=ExtResource("8_tki4a")]
transform = Transform3D(1, 0, 0, 0, 1, 0, 0, 0, 1, 18.900002, 0, -5.7)

[node name="BrickWall20" parent="Walls" unique_id=668454756 instance=ExtResource("8_tki4a")]
transform = Transform3D(1, 0, 0, 0, 1, 0, 0, 0, 1, 20.900002, 0, -5.7)

[node name="BrickWallCurve3" parent="Walls" unique_id=1003237391 instance=ExtResource("9_vqg3s")]
transform = Transform3D(1.3113416e-07, 0, -1, 0, 1, 0, 1, 0, 1.3113416e-07, 22.900003, 0, 6)

[node name="BrickWallEnd" parent="Walls" unique_id=136383536 instance=ExtResource("10_b2pni")]
transform = Transform3D(1, 0, 1.8626451e-09, 0, 1.0000001, 0, -1.8626451e-09, 0, 1, 14.900002, 0, 6.1)

[node name="iron-fence" parent="Walls" unique_id=1824079606 instance=ExtResource("11_cxw65")]
transform = Transform3D(1.3113416e-07, 0, 1, 0, 1, 0, -1, 0, 1.3113416e-07, 12, 0.7, -3)

[node name="iron-fence2" parent="Walls" unique_id=1248273405 instance=ExtResource("11_cxw65")]
transform = Transform3D(1.3113416e-07, 0, 1, 0, 1, 0, -1, 0, 1.3113416e-07, 12, 0.7, -1)

[node name="iron-fence3" parent="Walls" unique_id=596096245 instance=ExtResource("11_cxw65")]
transform = Transform3D(1.3113416e-07, 0, 1, 0, 1, 0, -1, 0, 1.3113416e-07, 12, 0.7, 1)

[node name="iron-fence4" parent="Walls" unique_id=1543376755 instance=ExtResource("11_cxw65")]
transform = Transform3D(1.3113416e-07, 0, 1, 0, 1, 0, -1, 0, 1.3113416e-07, 12, 0.7, 3)

[node name="iron-fence5" parent="Walls" unique_id=1347037880 instance=ExtResource("11_cxw65")]
transform = Transform3D(1.3113416e-07, 0, 1, 0, 1, 0, -1, 0, 1.3113416e-07, 12, 0.7, 5)

[node name="iron-fence6" parent="Walls" unique_id=457879296 instance=ExtResource("11_cxw65")]
transform = Transform3D(-1, 0, 8.742277e-08, 0, 1, 0, -8.742277e-08, 0, -1, 14.900001, 0.7, 5.8999996)

[node name="iron-fence17" parent="Walls" unique_id=843189800 instance=ExtResource("11_cxw65")]
transform = Transform3D(-1, 0, 8.742277e-08, 0, 1, 0, -8.742277e-08, 0, -1, 22.900002, 0.7, 5.8999996)

[node name="iron-fence18" parent="Walls" unique_id=917371494 instance=ExtResource("11_cxw65")]
transform = Transform3D(-1, 0, 8.742277e-08, 0, 1, 0, -8.742277e-08, 0, -1, 20.900002, 0.7, 5.8999996)

[node name="iron-fence7" parent="Walls" unique_id=1418402637 instance=ExtResource("11_cxw65")]
transform = Transform3D(1, 0, 7.1054274e-15, 0, 1, 0, -7.1054274e-15, 0, 1, 12.900001, 0.7, -5.9)

[node name="iron-fence8" parent="Walls" unique_id=1343647461 instance=ExtResource("11_cxw65")]
transform = Transform3D(1, 0, 7.1054274e-15, 0, 1, 0, -7.1054274e-15, 0, 1, 14.900001, 0.7, -5.9)

[node name="iron-fence9" parent="Walls" unique_id=1504129674 instance=ExtResource("11_cxw65")]
transform = Transform3D(1, 0, 7.1054274e-15, 0, 1, 0, -7.1054274e-15, 0, 1, 16.900002, 0.7, -5.9)

[node name="iron-fence10" parent="Walls" unique_id=1803699200 instance=ExtResource("11_cxw65")]
transform = Transform3D(1, 0, 7.1054274e-15, 0, 1, 0, -7.1054274e-15, 0, 1, 18.900002, 0.7, -5.9)

[node name="iron-fence11" parent="Walls" unique_id=1318918176 instance=ExtResource("11_cxw65")]
transform = Transform3D(1, 0, 7.1054274e-15, 0, 1, 0, -7.1054274e-15, 0, 1, 20.900002, 0.7, -5.9)

[node name="iron-fence12" parent="Walls" unique_id=1073098642 instance=ExtResource("11_cxw65")]
transform = Transform3D(-4.371138e-08, 0, -1, 0, 1, 0, 1, 0, -4.371138e-08, 23.800001, 0.7, -5)

[node name="iron-fence13" parent="Walls" unique_id=1642404989 instance=ExtResource("11_cxw65")]
transform = Transform3D(-4.371138e-08, 0, -1, 0, 1, 0, 1, 0, -4.371138e-08, 23.800001, 0.7, -3)

[node name="iron-fence14" parent="Walls" unique_id=1774479898 instance=ExtResource("11_cxw65")]
transform = Transform3D(-4.371138e-08, 0, -1, 0, 1, 0, 1, 0, -4.371138e-08, 23.800001, 0.7, -1)

[node name="iron-fence15" parent="Walls" unique_id=559658895 instance=ExtResource("11_cxw65")]
transform = Transform3D(-4.371138e-08, 0, -1, 0, 1, 0, 1, 0, -4.371138e-08, 23.800001, 0.7, 1)

[node name="iron-fence16" parent="Walls" unique_id=1258883001 instance=ExtResource("11_cxw65")]
transform = Transform3D(-4.371138e-08, 0, -1, 0, 1, 0, 1, 0, -4.371138e-08, 23.800001, 0.7, 3)

[node name="iron-fence-curve" parent="Walls" unique_id=103146603 instance=ExtResource("12_u1dja")]
transform = Transform3D(1, 0, 0, 0, 1, 0, 0, 0, 1, 12.000001, 0.7, -5)

[node name="iron-fence-curve3" parent="Walls" unique_id=1690203744 instance=ExtResource("12_u1dja")]
transform = Transform3D(-4.371139e-08, 0, -1, 0, 1, 0, 1, 0, -4.371139e-08, 22.900002, 0.7, -5.9)

[node name="iron-fence-curve2" parent="Walls" unique_id=1249018998 instance=ExtResource("12_u1dja")]
transform = Transform3D(-4.371139e-08, 0, 1, 0, 1, 0, -1, 0, -4.371139e-08, 12.900001, 0.7, 5.8999996)

[node name="iron-fence-curve4" parent="Walls" unique_id=1395927278 instance=ExtResource("12_u1dja")]
transform = Transform3D(-1, 0, -8.742278e-08, 0, 1, 0, 8.742278e-08, 0, -1, 23.800001, 0.7, 4.9999995)

[node name="BrickWallEnd2" parent="Walls" unique_id=137412504 instance=ExtResource("10_b2pni")]
transform = Transform3D(-1, 0, 8.742278e-08, 0, 1, 0, -8.742278e-08, 0, -1, 18.9, 0, 5.6)

[node name="Trees" type="Node3D" parent="." unique_id=1731459694]

[node name="Pine" parent="Trees" unique_id=1342282758 instance=ExtResource("13_2a4ue")]
transform = Transform3D(0.70710677, 0, -0.70710677, 0, 1, 0, 0.70710677, 0, 0.70710677, 3.9000003, 0.1, -9.3)

[node name="Pine2" parent="Trees" unique_id=1982962781 instance=ExtResource("13_2a4ue")]
transform = Transform3D(0.81915206, 0, 0.57357645, 0, 1, 0, -0.57357645, 0, 0.81915206, -3.8, 0.1, -7)

[node name="Pine3" parent="Trees" unique_id=33538016 instance=ExtResource("13_2a4ue")]
transform = Transform3D(0.57357645, 0, 0.81915206, 0, 1, 0, -0.81915206, 0, 0.57357645, -4.7000003, 0.1, -4.2000003)

[node name="Pine18" parent="Trees" unique_id=18850685 instance=ExtResource("13_2a4ue")]
transform = Transform3D(0.57357645, 0, 0.81915206, 0, 1, 0, -0.81915206, 0, 0.57357645, 0.5999999, 0.1, -9.200001)

[node name="Pine19" parent="Trees" unique_id=1154346981 instance=ExtResource("13_2a4ue")]
transform = Transform3D(0.9063078, 0, 0.42261827, 0, 1, 0, -0.42261827, 0, 0.9063078, -1.7, 0.1, -8.900001)

[node name="Pine20" parent="Trees" unique_id=579125717 instance=ExtResource("13_2a4ue")]
transform = Transform3D(0.57357645, 0, 0.81915206, 0, 1, 0, -0.81915206, 0, 0.57357645, -2.4, 0.1, -7.1000004)

[node name="Pine21" parent="Trees" unique_id=1814638338 instance=ExtResource("13_2a4ue")]
transform = Transform3D(0.57357645, 0, 0.81915206, 0, 1, 0, -0.81915206, 0, 0.57357645, -0.5000001, 0.1, -9.900001)

[node name="Pine22" parent="Trees" unique_id=1649681718 instance=ExtResource("13_2a4ue")]
transform = Transform3D(-0.42261836, 0, 0.9063078, 0, 1, 0, -0.9063078, 0, -0.42261836, 1.9, 0.1, -9.8)

[node name="Pine23" parent="Trees" unique_id=15438373 instance=ExtResource("13_2a4ue")]
transform = Transform3D(0.57357645, 0, 0.81915206, 0, 1, 0, -0.81915206, 0, 0.57357645, 7.2000003, 0.1, 9.099999)

[node name="Pine4" parent="Trees" unique_id=208177984 instance=ExtResource("13_2a4ue")]
transform = Transform3D(1, 0, 0, 0, 1, 0, 0, 0, 1, -6.3, 0.1, -2)

[node name="Pine5" parent="Trees" unique_id=281612507 instance=ExtResource("13_2a4ue")]
transform = Transform3D(0.70710677, 0, 0.70710677, 0, 1, 0, -0.70710677, 0, 0.70710677, -6.3, 0.1, -2)

[node name="Pine6" parent="Trees" unique_id=926518087 instance=ExtResource("13_2a4ue")]
transform = Transform3D(-0.9396926, 0, -0.3420202, 0, 1, 0, 0.3420202, 0, -0.9396926, -5.5, 0.1, -1.2)

[node name="Pine7" parent="Trees" unique_id=201301744 instance=ExtResource("13_2a4ue")]
transform = Transform3D(0.90630776, 0, 0.42261827, 0, 1, 0, -0.42261827, 0, 0.90630776, -6.1, 0.1, 0.19999993)

[node name="Pine8" parent="Trees" unique_id=1462960477 instance=ExtResource("13_2a4ue")]
transform = Transform3D(1, 0, 0, 0, 1, 0, 0, 0, 1, -5.6, 0.1, 1.5)

[node name="Pine9" parent="Trees" unique_id=2065912806 instance=ExtResource("13_2a4ue")]
transform = Transform3D(0.9659258, 0, -0.25881904, 0, 1, 0, 0.25881904, 0, 0.9659258, -6.2999997, 0.1, 2.5)

[node name="Pine10" parent="Trees" unique_id=1898022918 instance=ExtResource("13_2a4ue")]
transform = Transform3D(0.76604444, 0, 0.6427876, 0, 1, 0, -0.6427876, 0, 0.76604444, -5.6, 0.1, 4.9)

[node name="Pine24" parent="Trees" unique_id=1048591235 instance=ExtResource("13_2a4ue")]
transform = Transform3D(0.76604444, 0, 0.6427876, 0, 1, 0, -0.6427876, 0, 0.76604444, -0.099999905, 0.1, 10.6)

[node name="Pine11" parent="Trees" unique_id=1763532020 instance=ExtResource("13_2a4ue")]
transform = Transform3D(0.9659258, 0, -0.25881904, 0, 1, 0, 0.25881904, 0, 0.9659258, -6.5, 0.1, 6.1000004)

[node name="Pine12" parent="Trees" unique_id=1445620220 instance=ExtResource("13_2a4ue")]
transform = Transform3D(0.25881907, 0, 0.9659258, 0, 1, 0, -0.9659258, 0, 0.25881907, -6.1, 0.1, 7.4000006)

[node name="Pine13" parent="Trees" unique_id=1904956250 instance=ExtResource("13_2a4ue")]
transform = Transform3D(-0.50000006, 0, 0.8660254, 0, 1, 0, -0.8660254, 0, -0.50000006, -3.1999998, 0.1, 7.8000007)

[node name="Pine14" parent="Trees" unique_id=1023646552 instance=ExtResource("13_2a4ue")]
transform = Transform3D(0.70710677, 0, -0.70710677, 0, 1, 0, 0.70710677, 0, 0.70710677, -2.3999999, 0.1, 10.3)

[node name="Pine17" parent="Trees" unique_id=2057623570 instance=ExtResource("13_2a4ue")]
transform = Transform3D(0.70710677, 0, -0.70710677, 0, 1, 0, 0.70710677, 0, 0.70710677, 5.2, 0.1, 8.900001)

[node name="Pine15" parent="Trees" unique_id=1244998202 instance=ExtResource("13_2a4ue")]
transform = Transform3D(0.49999997, 0, 0.86602545, 0, 1, 0, -0.86602545, 0, 0.49999997, 2.8000002, 0.1, 9)

[node name="Pine16" parent="Trees" unique_id=52170755 instance=ExtResource("13_2a4ue")]
transform = Transform3D(0.70710677, 0, -0.70710677, 0, 1, 0, 0.70710677, 0, 0.70710677, 6.4, 0.1, 8.299999)

[node name="Pine36" parent="Trees" unique_id=1069946152 instance=ExtResource("13_2a4ue")]
transform = Transform3D(0.70710677, 0, -0.70710677, 0, 1, 0, 0.70710677, 0, 0.70710677, 15.700001, 0.1, 15.099999)

[node name="Pine37" parent="Trees" unique_id=1807564797 instance=ExtResource("13_2a4ue")]
transform = Transform3D(0.70710677, 0, -0.70710677, 0, 1, 0, 0.70710677, 0, 0.70710677, 33.7, 0.1, -7.2000017)

[node name="Pine38" parent="Trees" unique_id=1453785091 instance=ExtResource("13_2a4ue")]
transform = Transform3D(0.70710677, 0, -0.70710677, 0, 1, 0, 0.70710677, 0, 0.70710677, 30.1, 0.1, 14.799998)

[node name="Pine39" parent="Trees" unique_id=1643673652 instance=ExtResource("13_2a4ue")]
transform = Transform3D(0.70710677, 0, -0.70710677, 0, 1, 0, 0.70710677, 0, 0.70710677, 8.1, 0.1, 14.499998)

[node name="Pine25" parent="Trees" unique_id=968156232 instance=ExtResource("13_2a4ue")]
transform = Transform3D(0.70710677, 0, -0.70710677, 0, 1, 0, 0.70710677, 0, 0.70710677, 12.8, 0.1, 16)

[node name="Pine26" parent="Trees" unique_id=1968036913 instance=ExtResource("13_2a4ue")]
transform = Transform3D(0.70710677, 0, -0.70710677, 0, 1, 0, 0.70710677, 0, 0.70710677, 25.900002, -0.1, 16)

[node name="Pine27" parent="Trees" unique_id=1737181249 instance=ExtResource("13_2a4ue")]
transform = Transform3D(0.70710677, 0, -0.70710677, 0, 1, 0, 0.70710677, 0, 0.70710677, 35.2, -0.1, 11.7)

[node name="Pine28" parent="Trees" unique_id=197263594 instance=ExtResource("13_2a4ue")]
transform = Transform3D(0.70710677, 0, -0.70710677, 0, 1, 0, 0.70710677, 0, 0.70710677, 33.8, -0.1, -16.100002)

[node name="Pine29" parent="Trees" unique_id=1628826328 instance=ExtResource("13_2a4ue")]
transform = Transform3D(0.70710677, 0, -0.70710677, 0, 1, 0, 0.70710677, 0, 0.70710677, 19.899998, -0.1, -16.900002)

[node name="Pine30" parent="Trees" unique_id=846119688 instance=ExtResource("13_2a4ue")]
transform = Transform3D(0.70710677, 0, -0.70710677, 0, 1, 0, 0.70710677, 0, 0.70710677, 27.599998, -0.1, -18.600002)

[node name="Pine31" parent="Trees" unique_id=977981545 instance=ExtResource("13_2a4ue")]
transform = Transform3D(0.70710677, 0, -0.70710677, 0, 1, 0, 0.70710677, 0, 0.70710677, 15.499998, -0.1, -17.900002)

[node name="Pine32" parent="Trees" unique_id=347170470 instance=ExtResource("13_2a4ue")]
transform = Transform3D(0.70710677, 0, -0.70710677, 0, 1, 0, 0.70710677, 0, 0.70710677, 6.199998, -0.1, -14.000002)

[node name="Pine33" parent="Trees" unique_id=1015768081 instance=ExtResource("13_2a4ue")]
transform = Transform3D(0.70710677, 0, -0.70710677, 0, 1, 0, 0.70710677, 0, 0.70710677, 22.8, -0.1, -15.200002)

[node name="Pine34" parent="Trees" unique_id=484952710 instance=ExtResource("13_2a4ue")]
transform = Transform3D(0.70710677, 0, -0.70710677, 0, 1, 0, 0.70710677, 0, 0.70710677, 33.5, -0.1, 2.499999)

